2	0	2	0	-	0	8	-	1	7	 	2	3	:	0	4	:	2	1	 	 	 	F	o	l	d	s	 	=	 	1
2	0	2	0	-	0	8	-	1	7	 	2	3	:	0	5	:	1	6	 	 	 	F	o	l	d	s	 	=	 	1
0.0001	0.0001	0.0001	0.0001	0.6475	0.79683	0.53043
2	0	2	0	-	0	8	-	1	7	 	2	3	:	0	7	:	0	1	 	 	 	F	o	l	d	s	 	=	 	1
2	0	2	0	-	0	8	-	1	7	 	2	3	:	1	0	:	5	6	 	 	 	F	o	l	d	s	 	=	 	1
2	0	2	0	-	0	8	-	1	7	 	2	3	:	1	2	:	1	9	 	 	 	F	o	l	d	s	 	=	 	1
2	0	2	0	-	0	8	-	1	7	 	2	3	:	1	2	:	5	0	 	 	 	F	o	l	d	s	 	=	 	1
2	0	2	0	-	0	8	-	1	7	 	2	3	:	1	5	:	1	1	 	 	 	F	o	l	d	s	 	=	 	1
0.0001	0.0001	0.0001	0.0001	0.645	0.80717	0.52514
2	0	2	0	-	0	8	-	1	7	 	2	3	:	1	6	:	2	9	 	 	 	F	o	l	d	s	 	=	 	1
2	0	2	0	-	0	8	-	1	7	 	2	3	:	1	7	:	1	1	 	 	 	F	o	l	d	s	 	=	 	1
0.0001	0.0001	0.0001	0.0001	0.62	0.77324	0.47795
0.0001	0.0001	0.0001	0.001	0.655	0.81001	0.54756
0.0001	0.0001	0.0001	0.01	0.645	0.80593	0.52982
0.0001	0.0001	0.0001	0.1	0.625	0.79435	0.50988
0.0001	0.0001	0.0001	1	0.65	0.804	0.53731
0.0001	0.0001	0.0001	10	0.6725	0.8051	0.54608
0.0001	0.0001	0.0001	100	0.6275	0.79244	0.50981
0.0001	0.0001	0.0001	1000	0.6675	0.81646	0.55885
0.0001	0.0001	0.0001	10000	0.72	0.82341	0.58968
0.0001	0.0001	0.0001	1e+05	0.6325	0.79108	0.51238
